ARIMA (5,1,1) - Losses for different sequence lengths
============================================================
SEQ_LEN  Train MSE    Train MAE    Val MSE      Val MAE     
------------------------------------------------------------
7        0.011342     0.015195     0.038103     0.143446    
15       0.011316     0.015203     0.048738     0.162106    
30       0.011247     0.015191     0.061567     0.190180    
60       0.011131     0.015293     0.085838     0.240961    
120      0.010897     0.015168     0.085254     0.236223    
150      0.010782     0.015113     0.074440     0.216504    
190      0.010632     0.014998     0.086620     0.245101    
240      0.010450     0.014829     0.102452     0.283724    
480      0.009677     0.014673     0.013624     0.106239    
